%LAMBDA nm	HbO2 1/(mm*uM)	Hb 1/(mm*uM)
400	61.9144	51.9293
401	64.0065	53.4284
402	66.0986	54.9274
403	68.9465	56.9251
404	71.7944	58.9228
405	77.0842	60.9205
406	82.3740	62.9181
407	90.2940	64.8726
408	98.2140	66.8270
409	103.3907	68.7572
410	108.5674	70.6874
411	112.4465	72.7093
412	116.3256	74.7312
413	119.1256	77.2023
414	121.9256	79.6735
415	121.6465	82.1447
416	121.3674	84.6158
417	120.6279	87.1544
418	119.8884	89.6930
419	115.8000	92.2372
420	111.7116	94.7814
421	106.0744	97.3767
422	100.4372	99.9721
423	93.9670	103.6140
424	87.4967	107.2558
425	81.6591	109.6558
426	75.8214	112.0558
427	70.8307	114.2651
428	65.8400	116.4744
429	61.5330	119.7023
430	57.2260	122.9302
431	53.5107	125.6698
432	49.7953	128.4093
433	44.1223	128.4093
434	38.4493	128.4093
435	34.6688	127.8140
436	30.8884	127.2186
437	29.2977	121.9302
438	27.7070	116.6419
439	25.7814	106.3767
440	23.8558	96.1116
441	22.7163	90.2930
442	21.5767	84.4744
443	20.2586	75.1121
444	18.9405	65.7498
445	18.3451	60.4591
446	17.7498	55.1684
447	16.6707	47.7377
448	15.5916	40.3070
449	15.1000	32.1642
450	14.6084	24.0214
451	14.1488	19.2944
452	13.6893	14.5674
453	13.0716	11.4895
454	12.4540	8.4116
455	11.9823	7.7754
456	11.5107	7.1393
457	11.2781	6.5797
458	11.0456	6.0201
459	10.6949	5.7297
460	10.3442	5.4393
461	9.9767	5.1488
462	9.6093	4.8584
463	9.4334	4.6688
464	9.2575	4.4793
465	8.9396	4.3492
466	8.6217	4.2192
467	8.3656	4.0893
468	8.1095	3.9594
469	7.9163	3.8584
470	7.7231	3.7573
471	7.5383	3.6589
472	7.3535	3.5605
473	7.1783	3.5300
474	7.0032	3.4996
475	6.8563	3.4699
476	6.7095	3.4402
477	6.5778	3.4244
478	6.4460	3.4087
479	6.3194	3.3962
480	6.1928	3.3837
481	6.0850	3.4222
482	5.9771	3.4607
483	5.9165	3.4993
484	5.8559	3.5378
485	5.7965	3.5763
486	5.7371	3.6148
487	5.6796	3.6560
488	5.6220	3.6972
489	5.5650	3.7886
490	5.5080	3.8800
491	5.4385	3.9713
492	5.3690	4.0627
493	5.2959	4.1541
494	5.2227	4.2455
495	5.1521	4.3368
496	5.0815	4.4282
497	5.0128	4.5270
498	4.9442	4.6259
499	4.9061	4.7387
500	4.8681	4.8516
501	4.8290	4.9645
502	4.7899	5.0774
503	4.7691	5.1903
504	4.7484	5.3032
505	4.6935	5.4160
506	4.6386	5.5289
507	4.6444	5.6418
508	4.6502	5.7547
509	4.6548	5.8743
510	4.6593	5.9939
511	4.6727	6.1291
512	4.6861	6.2644
513	4.7186	6.3996
514	4.7510	6.5349
515	4.8175	6.6701
516	4.8841	6.8054
517	5.0594	6.9407
518	5.2348	7.0759
519	5.4316	7.2112
520	5.6285	7.3464
521	5.8899	7.4931
522	6.1513	7.6398
523	6.4790	7.8196
524	6.8068	7.9994
525	7.1820	8.1793
526	7.5573	8.3591
527	7.9635	8.5388
528	8.3698	8.7186
529	8.8310	8.8984
530	9.2923	9.0782
531	9.7480	9.2582
532	10.2037	9.4381
533	10.5581	9.6130
534	10.9126	9.7879
535	11.2414	9.9628
536	11.5702	10.1377
537	11.7981	10.3121
538	12.0260	10.4865
539	12.2033	10.6609
540	12.3805	10.8353
541	12.3870	11.0163
542	12.3935	11.1972
543	12.2544	11.3786
544	12.1153	11.5600
545	11.8563	11.7414
546	11.5972	11.9228
547	11.2242	12.0656
548	10.8512	12.2084
549	10.4274	12.3149
550	10.0037	12.4214
551	9.6153	12.4991
552	9.2268	12.5767
553	8.8942	12.6279
554	8.5617	12.6791
555	8.2898	12.6814
556	8.0179	12.6837
557	7.8992	12.6400
558	7.7805	12.5963
559	7.6825	12.5526
560	7.5845	12.5088
561	7.5853	12.3330
562	7.5860	12.1572
563	7.7367	11.9591
564	7.8873	11.7609
565	8.1873	11.5581
566	8.4873	11.3553
567	8.9148	11.1367
568	9.3423	10.9181
569	9.8451	10.7000
570	10.3479	10.4819
571	10.8916	10.2805
572	11.4353	10.0791
573	11.9163	9.8902
574	12.3972	9.7014
575	12.6567	9.5126
576	12.9163	9.3237
577	12.8219	9.1348
578	12.7274	8.9460
579	12.1898	8.7776
580	11.6521	8.6093
581	10.8614	8.4531
582	10.0707	8.2968
583	9.0632	8.1406
584	8.0557	7.9844
585	7.1209	7.8121
586	6.1861	7.6399
587	5.3911	7.4333
588	4.5961	7.2268
589	3.9726	6.9069
590	3.3490	6.5871
591	2.8918	6.2552
592	2.4345	5.9233
593	2.1101	5.5866
594	1.7858	5.2500
595	1.5538	4.9273
596	1.3218	4.6047
597	1.1847	4.2859
598	1.0475	3.9671
599	0.8959	3.6902
600	0.7442	3.4133
601	0.6819	3.2907
602	0.6195	3.1680
603	0.5572	3.0453
604	0.4949	2.9227
605	0.4555	2.8001
606	0.4161	2.6775
607	0.3996	2.5571
608	0.3832	2.4367
609	0.3667	2.3164
610	0.3502	2.1962
611	0.3338	2.0971
612	0.3173	1.9980
613	0.3008	1.9015
614	0.2844	1.8051
615	0.2713	1.7566
616	0.2581	1.7081
617	0.2484	1.6595
618	0.2386	1.6110
619	0.2288	1.5624
620	0.2191	1.5139
621	0.2093	1.4771
622	0.1995	1.4403
623	0.1898	1.4070
624	0.1800	1.3737
625	0.1723	1.3403
626	0.1646	1.3070
627	0.1589	1.2775
628	0.1532	1.2481
629	0.1475	1.2227
630	0.1419	1.1974
631	0.1362	1.1720
632	0.1305	1.1467
633	0.1248	1.1234
634	0.1192	1.1002
635	0.1153	1.0853
636	0.1113	1.0703
637	0.1092	1.0553
638	0.1071	1.0404
639	0.1049	1.0254
640	0.1028	1.0105
641	0.1007	0.9956
642	0.0985	0.9807
643	0.0964	0.9657
644	0.0942	0.9508
645	0.0925	0.9365
646	0.0908	0.9221
647	0.0895	0.9096
648	0.0882	0.8971
649	0.0869	0.8846
650	0.0856	0.8721
651	0.0843	0.8596
652	0.0830	0.8471
653	0.0817	0.8346
654	0.0804	0.8221
655	0.0792	0.8096
656	0.0780	0.7971
657	0.0768	0.7846
658	0.0757	0.7721
659	0.0750	0.7613
660	0.0743	0.7504
661	0.0737	0.7403
662	0.0730	0.7303
663	0.0724	0.7203
664	0.0717	0.7102
665	0.0711	0.7002
666	0.0704	0.6902
667	0.0699	0.6801
668	0.0693	0.6701
669	0.0688	0.6601
670	0.0684	0.6500
671	0.0679	0.6400
672	0.0674	0.6300
673	0.0669	0.6205
674	0.0664	0.6111
675	0.0660	0.6026
676	0.0656	0.5940
677	0.0653	0.5855
678	0.0649	0.5770
679	0.0647	0.5685
680	0.0646	0.5600
681	0.0644	0.5515
682	0.0642	0.5429
683	0.0640	0.5344
684	0.0638	0.5259
685	0.0636	0.5174
686	0.0634	0.5089
687	0.0636	0.5004
688	0.0638	0.4919
689	0.0640	0.4845
690	0.0642	0.4772
691	0.0644	0.4712
692	0.0646	0.4652
693	0.0647	0.4592
694	0.0649	0.4533
695	0.0653	0.4473
696	0.0656	0.4413
697	0.0660	0.4353
698	0.0665	0.4293
699	0.0670	0.4233
700	0.0674	0.4173
701	0.0679	0.4111
702	0.0684	0.4049
703	0.0688	0.3987
704	0.0693	0.3925
705	0.0699	0.3863
706	0.0704	0.3801
707	0.0711	0.3742
708	0.0717	0.3683
709	0.0724	0.3633
710	0.0730	0.3583
711	0.0737	0.3532
712	0.0743	0.3482
713	0.0750	0.3432
714	0.0756	0.3382
715	0.0764	0.3332
716	0.0772	0.3282
717	0.0781	0.3232
718	0.0791	0.3182
719	0.0800	0.3133
720	0.0809	0.3083
721	0.0819	0.3036
722	0.0828	0.2989
723	0.0837	0.2941
724	0.0847	0.2894
725	0.0856	0.2847
726	0.0866	0.2799
727	0.0876	0.2740
728	0.0887	0.2681
729	0.0897	0.2622
730	0.0907	0.2563
731	0.0917	0.2563
732	0.0927	0.2563
733	0.0938	0.2563
734	0.0948	0.2563
735	0.0961	0.2563
736	0.0974	0.2562
737	0.0990	0.2561
738	0.1006	0.2559
739	0.1021	0.2577
740	0.1037	0.2595
741	0.1053	0.2648
742	0.1069	0.2701
743	0.1085	0.2755
744	0.1100	0.2808
745	0.1117	0.2876
746	0.1134	0.2944
747	0.1152	0.3022
748	0.1169	0.3101
749	0.1187	0.3184
750	0.1205	0.3268
751	0.1222	0.3396
752	0.1240	0.3524
753	0.1258	0.3555
754	0.1275	0.3585
755	0.1291	0.3607
756	0.1307	0.3629
757	0.1321	0.3629
758	0.1335	0.3629
759	0.1349	0.3615
760	0.1363	0.3601
761	0.1377	0.3555
762	0.1391	0.3508
763	0.1405	0.3451
764	0.1419	0.3394
765	0.1433	0.3337
766	0.1448	0.3280
767	0.1464	0.3223
768	0.1480	0.3166
769	0.1496	0.3108
770	0.1512	0.3051
771	0.1527	0.2993
772	0.1543	0.2936
773	0.1559	0.2878
774	0.1575	0.2821
775	0.1589	0.2763
776	0.1603	0.2706
777	0.1615	0.2649
778	0.1627	0.2593
779	0.1639	0.2547
780	0.1651	0.2501
781	0.1663	0.2455
782	0.1675	0.2409
783	0.1687	0.2364
784	0.1700	0.2318
785	0.1710	0.2272
786	0.1721	0.2226
787	0.1730	0.2185
788	0.1740	0.2144
789	0.1749	0.2108
790	0.1758	0.2072
791	0.1767	0.2036
792	0.1777	0.2000
793	0.1786	0.1963
794	0.1795	0.1927
795	0.1812	0.1897
796	0.1829	0.1867
797	0.1853	0.1843
798	0.1877	0.1819
799	0.1887	0.1795
800	0.1898	0.1771
801	0.1912	0.1751
802	0.1926	0.1730
803	0.1935	0.1722
804	0.1944	0.1714
805	0.1953	0.1706
806	0.1963	0.1698
807	0.1977	0.1690
808	0.1991	0.1683
809	0.2000	0.1675
810	0.2009	0.1668
811	0.2019	0.1662
812	0.2028	0.1655
813	0.2037	0.1649
814	0.2047	0.1643
815	0.2055	0.1637
816	0.2063	0.1631
817	0.2080	0.1625
818	0.2097	0.1619
819	0.2113	0.1616
820	0.2130	0.1613
821	0.2147	0.1613
822	0.2164	0.1613
823	0.2180	0.1613
824	0.2197	0.1613
825	0.2211	0.1613
826	0.2224	0.1612
827	0.2234	0.1612
828	0.2245	0.1612
829	0.2255	0.1612
830	0.2265	0.1612
831	0.2275	0.1612
832	0.2286	0.1611
833	0.2296	0.1611
834	0.2306	0.1611
835	0.2317	0.1611
836	0.2328	0.1611
837	0.2340	0.1611
838	0.2353	0.1610
839	0.2365	0.1610
840	0.2377	0.1610
841	0.2389	0.1610
842	0.2401	0.1610
843	0.2413	0.1609
844	0.2425	0.1609
845	0.2433	0.1609
846	0.2442	0.1609
847	0.2447	0.1608
848	0.2451	0.1608
849	0.2456	0.1608
850	0.2460	0.1608
851	0.2465	0.1607
852	0.2470	0.1607
853	0.2474	0.1607
854	0.2479	0.1607
855	0.2487	0.1606
856	0.2495	0.1606
857	0.2506	0.1608
858	0.2517	0.1610
859	0.2528	0.1613
860	0.2540	0.1615
861	0.2551	0.1617
862	0.2562	0.1619
863	0.2573	0.1621
864	0.2584	0.1623
865	0.2593	0.1626
866	0.2601	0.1628
867	0.2607	0.1630
868	0.2612	0.1632
869	0.2618	0.1637
870	0.2623	0.1641
871	0.2629	0.1646
872	0.2634	0.1651
873	0.2640	0.1656
874	0.2646	0.1661
875	0.2652	0.1665
876	0.2658	0.1670
877	0.2664	0.1675
878	0.2671	0.1680
879	0.2677	0.1685
880	0.2684	0.1689
881	0.2690	0.1693
882	0.2697	0.1697
883	0.2703	0.1701
884	0.2710	0.1705
885	0.2715	0.1709
886	0.2721	0.1713
887	0.2726	0.1717
888	0.2730	0.1721
889	0.2735	0.1725
890	0.2740	0.1729
891	0.2744	0.1734
892	0.2749	0.1738
893	0.2753	0.1742
894	0.2758	0.1746
895	0.2763	0.1750
896	0.2767	0.1755
897	0.2772	0.1759
898	0.2777	0.1763
899	0.2781	0.1767
900	0.2786	0.1772
901	0.2791	0.1775
902	0.2795	0.1779
903	0.2800	0.1782
904	0.2805	0.1785
905	0.2808	0.1787
906	0.2812	0.1790
907	0.2815	0.1793
908	0.2818	0.1796
909	0.2820	0.1799
910	0.2823	0.1801
911	0.2826	0.1804
912	0.2829	0.1807
913	0.2832	0.1809
914	0.2834	0.1810
915	0.2837	0.1810
916	0.2839	0.1809
917	0.2841	0.1809
918	0.2843	0.1809
919	0.2845	0.1808
920	0.2847	0.1808
921	0.2848	0.1807
922	0.2850	0.1807
923	0.2852	0.1807
924	0.2854	0.1806
925	0.2853	0.1801
926	0.2853	0.1796
927	0.2850	0.1791
928	0.2847	0.1786
929	0.2845	0.1781
930	0.2842	0.1776
931	0.2839	0.1763
932	0.2836	0.1749
933	0.2833	0.1732
934	0.2831	0.1715
935	0.2829	0.1698
936	0.2827	0.1681
937	0.2826	0.1664
938	0.2825	0.1647
939	0.2824	0.1630
940	0.2823	0.1613
941	0.2822	0.1596
942	0.2821	0.1578
943	0.2820	0.1557
944	0.2820	0.1536
945	0.2817	0.1513
946	0.2815	0.1491
947	0.2811	0.1468
948	0.2807	0.1446
949	0.2804	0.1423
950	0.2800	0.1401
951	0.2796	0.1379
952	0.2793	0.1357
953	0.2789	0.1340
954	0.2785	0.1323
955	0.2781	0.1306
956	0.2777	0.1289
957	0.2772	0.1273
958	0.2767	0.1256
959	0.2763	0.1239
960	0.2758	0.1222
961	0.2753	0.1205
962	0.2749	0.1189
963	0.2744	0.1170
964	0.2740	0.1152
965	0.2734	0.1126
966	0.2728	0.1101
967	0.2722	0.1075
968	0.2715	0.1050
969	0.2709	0.1024
970	0.2702	0.0998
971	0.2696	0.0982
972	0.2689	0.0966
973	0.2683	0.0951
974	0.2676	0.0936
975	0.2668	0.0920
976	0.2660	0.0905
977	0.2651	0.0889
978	0.2642	0.0872
979	0.2633	0.0854
980	0.2623	0.0836
981	0.2614	0.0819
982	0.2605	0.0801
983	0.2595	0.0783
984	0.2586	0.0765
985	0.2575	0.0748
986	0.2564	0.0730
987	0.2551	0.0712
988	0.2538	0.0694
989	0.2525	0.0676
990	0.2512	0.0659
991	0.2499	0.0641
992	0.2486	0.0623
993	0.2473	0.0605
994	0.2460	0.0588
995	0.2447	0.0570
996	0.2433	0.0552
997	0.2420	0.0534
998	0.2407	0.0516
999	0.2394	0.0499
1000	0.2381	0.0481
1001	0.2370	0.0471
1002	0.2384	0.0468
1003	0.2375	0.0464
1004	0.2366	0.0456
1005	0.2357	0.0452
1006	0.2348	0.0451
1007	0.2339	0.0446
1008	0.2330	0.0441
1009	0.2321	0.0437
1010	0.2312	0.0432
1011	0.2302	0.0429
1012	0.2289	0.0426
1013	0.2275	0.0422
1014	0.2262	0.0419
1015	0.2248	0.0415
1016	0.2235	0.0412
1017	0.2217	0.0408
1018	0.2200	0.0405
1019	0.2182	0.0401
1020	0.2165	0.0397
1021	0.2144	0.0396
1022	0.2129	0.0394
1023	0.2114	0.0393
1024	0.2100	0.0391
1025	0.2085	0.0390
1026	0.2072	0.0386
1027	0.2060	0.0383
1028	0.2047	0.0379
1029	0.2034	0.0375
1030	0.2021	0.0372
1031	0.2008	0.0369
1032	0.1996	0.0365
1033	0.1983	0.0362
1034	0.1970	0.0359
1035	0.1957	0.0356
1036	0.1944	0.0353
1037	0.1931	0.0350
1038	0.1918	0.0347
1039	0.1905	0.0345
1040	0.1892	0.0342
1041	0.1877	0.0338
1042	0.1863	0.0334
1043	0.1848	0.0331
1044	0.1834	0.0327
1045	0.1819	0.0323
1046	0.1800	0.0319
1047	0.1781	0.0316
1048	0.1761	0.0312
1049	0.1742	0.0308
1050	0.1722	0.0305
1051	0.1705	0.0302
1052	0.1688	0.0299
1053	0.1671	0.0296
1054	0.1654	0.0293
1055	0.1637	0.0291
1056	0.1621	0.0288
1057	0.1605	0.0286
1058	0.1589	0.0284
1059	0.1572	0.0282
1060	0.1556	0.0280
1061	0.1539	0.0278
1062	0.1522	0.0276
1063	0.1505	0.0274
1064	0.1488	0.0271
1065	0.1471	0.0269
1066	0.1456	0.0268
1067	0.1440	0.0266
1068	0.1425	0.0265
1069	0.1409	0.0263
1070	0.1394	0.0262
1071	0.1379	0.0260
1072	0.1365	0.0258
1073	0.1351	0.0256
1074	0.1337	0.0255
1075	0.1323	0.0253
1076	0.1309	0.0252
1077	0.1295	0.0251
1078	0.1281	0.0250
1079	0.1268	0.0249
1080	0.1254	0.0247
1081	0.1240	0.0247
1082	0.1226	0.0246
1083	0.1213	0.0246
1084	0.1199	0.0245
1085	0.1186	0.0245
1086	0.1173	0.0243
1087	0.1160	0.0242
1088	0.1146	0.0241
1089	0.1133	0.0239
1090	0.1120	0.0238
1091	0.1109	0.0237
1092	0.1097	0.0236
1093	0.1086	0.0235
1094	0.1074	0.0234
1095	0.1062	0.0233
1096	0.1052	0.0232
1097	0.1041	0.0231
1098	0.1031	0.0230
1099	0.1021	0.0228
1100	0.1010	0.0227
1101	0.0998	0.0226
1102	0.0987	0.0224
1103	0.0975	0.0222
1104	0.0963	0.0220
1105	0.0952	0.0219
1106	0.0940	0.0217
1107	0.0928	0.0216
1108	0.0916	0.0215
1109	0.0904	0.0214
1110	0.0892	0.0213
1111	0.0881	0.0211
1112	0.0871	0.0209
1113	0.0860	0.0207
1114	0.0849	0.0205
1115	0.0839	0.0203
1116	0.0829	0.0202
1117	0.0820	0.0201
1118	0.0810	0.0199
1119	0.0801	0.0198
1120	0.0791	0.0197
1121	0.0782	0.0196
1122	0.0772	0.0195
1123	0.0762	0.0195
1124	0.0752	0.0194
1125	0.0743	0.0193
1126	0.0732	0.0192
1127	0.0721	0.0192
1128	0.0710	0.0191
1129	0.0700	0.0191
1130	0.0689	0.0190
1131	0.0681	0.0189
1132	0.0673	0.0189
1133	0.0665	0.0188
1134	0.0658	0.0188
1135	0.0650	0.0187
1136	0.0644	0.0187
1137	0.0638	0.0187
1138	0.0631	0.0187
1139	0.0625	0.0187
1140	0.0619	0.0187
1141	0.0613	0.0187
1142	0.0607	0.0187
1143	0.0601	0.0188
1144	0.0594	0.0188
1145	0.0588	0.0189
1146	0.0582	0.0190
1147	0.0576	0.0190
1148	0.0570	0.0191
1149	0.0564	0.0192
1150	0.0559	0.0193
1151	0.0555	0.0194
1152	0.0551	0.0195
1153	0.0547	0.0196
1154	0.0543	0.0197
1155	0.0539	0.0198
1156	0.0535	0.0199
1157	0.0531	0.0201
1158	0.0526	0.0203
1159	0.0522	0.0204
1160	0.0517	0.0206
1161	0.0513	0.0207
1162	0.0509	0.0207
1163	0.0505	0.0208
1164	0.0501	0.0209
1165	0.0497	0.0210
1166	0.0492	0.0210
1167	0.0488	0.0210
1168	0.0483	0.0211
1169	0.0479	0.0211
1170	0.0474	0.0212
1171	0.0469	0.0211
1172	0.0464	0.0211
1173	0.0459	0.0211
1174	0.0453	0.0210
1175	0.0448	0.0210
1176	0.0442	0.0209
1177	0.0437	0.0208
1178	0.0431	0.0206
1179	0.0425	0.0205
1180	0.0420	0.0204
1181	0.0414	0.0203
1182	0.0409	0.0202
1183	0.0403	0.0201
1184	0.0398	0.0200
1185	0.0393	0.0199
1186	0.0388	0.0196
1187	0.0384	0.0194
1188	0.0379	0.0191
1189	0.0375	0.0189
1190	0.0370	0.0186
1191	0.0367	0.0183
1192	0.0364	0.0179
1193	0.0361	0.0176
1194	0.0357	0.0172
1195	0.0354	0.0169
1196	0.0351	0.0167
1197	0.0349	0.0164
1198	0.0346	0.0162
1199	0.0344	0.0160
1200	0.0342	0.0157
1201	0.0339	0.0155
1202	0.0336	0.0154
1203	0.0333	0.0152
1204	0.0330	0.0150
1205	0.0327	0.0149
1206	0.0325	0.0147
1207	0.0322	0.0145
1208	0.0319	0.0143
1209	0.0317	0.0141
1210	0.0314	0.0140
1211	0.0311	0.0139
1212	0.0308	0.0137
1213	0.0305	0.0136
1214	0.0303	0.0135
1215	0.0300	0.0134
1216	0.0297	0.0133
1217	0.0294	0.0131
1218	0.0291	0.0130
1219	0.0289	0.0129
1220	0.0286	0.0128
1221	0.0284	0.0127
1222	0.0282	0.0126
1223	0.0281	0.0125
1224	0.0279	0.0125
1225	0.0277	0.0124
1226	0.0276	0.0123
1227	0.0275	0.0122
1228	0.0274	0.0122
1229	0.0272	0.0121
1230	0.0271	0.0120
1231	0.0268	0.0120
1232	0.0265	0.0119
1233	0.0262	0.0119
1234	0.0258	0.0119
1235	0.0255	0.0118
1236	0.0252	0.0118
1237	0.0249	0.0117
1238	0.0245	0.0117
1239	0.0242	0.0116
1240	0.0239	0.0116
1241	0.0236	0.0115
1242	0.0234	0.0115
1243	0.0232	0.0115
1244	0.0229	0.0114
1245	0.0227	0.0114
1246	0.0225	0.0114
1247	0.0224	0.0114
1248	0.0224	0.0113
1249	0.0224	0.0113
1250	0.0223	0.0113
1251	0.0223	0.0113
1252	0.0223	0.0113
1253	0.0224	0.0114
1254	0.0224	0.0114
1255	0.0224	0.0114
1256	0.0224	0.0114
1257	0.0224	0.0115
1258	0.0224	0.0115
1259	0.0224	0.0116
1260	0.0224	0.0116
1261	0.0223	0.0116
1262	0.0223	0.0117
1263	0.0223	0.0117
1264	0.0222	0.0117
1265	0.0222	0.0117
1266	0.0221	0.0118
1267	0.0220	0.0119
1268	0.0220	0.0119
1269	0.0219	0.0120
1270	0.0218	0.0121
1271	0.0217	0.0122
1272	0.0216	0.0122
1273	0.0215	0.0123
1274	0.0215	0.0124
1275	0.0214	0.0124
1276	0.0213	0.0125
1277	0.0212	0.0125
1278	0.0211	0.0125
1279	0.0210	0.0126
1280	0.0209	0.0126
1281	0.0208	0.0126
1282	0.0207	0.0127
1283	0.0205	0.0127
1284	0.0204	0.0127
1285	0.0203	0.0127
1286	0.0202	0.0128
1287	0.0200	0.0128
1288	0.0199	0.0129
1289	0.0198	0.0129
1290	0.0196	0.0130
1291	0.0195	0.0131
1292	0.0194	0.0131
1293	0.0192	0.0132
1294	0.0191	0.0133
1295	0.0190	0.0133
1296	0.0188	0.0133
1297	0.0187	0.0133
1298	0.0186	0.0133
1299	0.0184	0.0133
1300	0.0183	0.0133
1301	0.0182	0.0134
1302	0.0181	0.0134
1303	0.0180	0.0134
1304	0.0179	0.0135
1305	0.0178	0.0135
1306	0.0177	0.0135
1307	0.0176	0.0135
1308	0.0174	0.0135
1309	0.0173	0.0135
1310	0.0172	0.0135
1311	0.0171	0.0135
1312	0.0170	0.0135
1313	0.0169	0.0135
1314	0.0168	0.0135
1315	0.0167	0.0135
1316	0.0167	0.0135
1317	0.0166	0.0135
1318	0.0166	0.0135
1319	0.0165	0.0135
1320	0.0165	0.0135
1321	0.0165	0.0135
1322	0.0166	0.0136
1323	0.0166	0.0136
1324	0.0167	0.0136
1325	0.0167	0.0136
1326	0.0169	0.0137
1327	0.0170	0.0137
1328	0.0171	0.0138
1329	0.0172	0.0138
1330	0.0173	0.0138
1331	0.0175	0.0138
1332	0.0176	0.0138
1333	0.0177	0.0138
1334	0.0178	0.0138
1335	0.0179	0.0139
1336	0.0179	0.0139
1337	0.0179	0.0139
1338	0.0180	0.0139
1339	0.0180	0.0140
1340	0.0180	0.0140
1341	0.0181	0.0140
1342	0.0182	0.0141
1343	0.0182	0.0141
1344	0.0183	0.0141
1345	0.0183	0.0142
1346	0.0184	0.0142
1347	0.0184	0.0142
1348	0.0184	0.0142
1349	0.0185	0.0142
1350	0.0185	0.0143
1351	0.0185	0.0143
1352	0.0186	0.0143
1353	0.0186	0.0143
1354	0.0187	0.0144
1355	0.0187	0.0144
1356	0.0187	0.0144
1357	0.0188	0.0144
1358	0.0188	0.0144
1359	0.0189	0.0145
1360	0.0189	0.0145
1361	0.0190	0.0145
1362	0.0191	0.0146
1363	0.0191	0.0146
1364	0.0192	0.0147
1365	0.0193	0.0148
1366	0.0194	0.0148
1367	0.0195	0.0149
1368	0.0196	0.0150
1369	0.0197	0.0150
1370	0.0198	0.0151
1371	0.0199	0.0152
1372	0.0199	0.0152
1373	0.0200	0.0153
1374	0.0201	0.0154
1375	0.0202	0.0154
1376	0.0202	0.0155
1377	0.0202	0.0156
1378	0.0203	0.0156
1379	0.0203	0.0157
1380	0.0203	0.0158
1381	0.0205	0.0159
1382	0.0206	0.0160
1383	0.0208	0.0161
1384	0.0209	0.0162
1385	0.0210	0.0162
1386	0.0212	0.0163
1387	0.0213	0.0164
1388	0.0215	0.0165
1389	0.0216	0.0166
1390	0.0217	0.0167
1391	0.0219	0.0169
1392	0.0220	0.0170
1393	0.0221	0.0171
1394	0.0222	0.0172
1395	0.0224	0.0173
1396	0.0225	0.0174
1397	0.0227	0.0175
1398	0.0229	0.0176
1399	0.0231	0.0177
1400	0.0233	0.0178
1401	0.0235	0.0179
1402	0.0237	0.0181
1403	0.0239	0.0182
1404	0.0241	0.0184
1405	0.0243	0.0186
1406	0.0245	0.0187
1407	0.0247	0.0189
1408	0.0249	0.0190
1409	0.0251	0.0192
1410	0.0252	0.0194
1411	0.0254	0.0195
1412	0.0256	0.0196
1413	0.0258	0.0198
1414	0.0260	0.0199
1415	0.0262	0.0201
1416	0.0264	0.0202
1417	0.0266	0.0204
1418	0.0269	0.0205
1419	0.0271	0.0207
1420	0.0273	0.0209
1421	0.0275	0.0210
1422	0.0277	0.0212
1423	0.0279	0.0214
1424	0.0281	0.0216
1425	0.0283	0.0217
1426	0.0286	0.0219
1427	0.0289	0.0221
1428	0.0292	0.0223
1429	0.0295	0.0225
1430	0.0298	0.0227
1431	0.0300	0.0229
1432	0.0303	0.0231
1433	0.0305	0.0232
1434	0.0308	0.0234
1435	0.0310	0.0236
1436	0.0312	0.0238
1437	0.0315	0.0240
1438	0.0317	0.0242
1439	0.0320	0.0244
1440	0.0322	0.0246
1441	0.0325	0.0248
1442	0.0328	0.0250
1443	0.0331	0.0252
1444	0.0334	0.0255
1445	0.0337	0.0257
1446	0.0339	0.0260
1447	0.0342	0.0263
1448	0.0344	0.0266
1449	0.0347	0.0269
1450	0.0349	0.0272
1451	0.0352	0.0275
1452	0.0355	0.0278
1453	0.0357	0.0281
1454	0.0360	0.0284
1455	0.0363	0.0287
1456	0.0366	0.0289
1457	0.0369	0.0291
1458	0.0373	0.0293
1459	0.0376	0.0295
1460	0.0379	0.0296
1461	0.0383	0.0299
1462	0.0387	0.0302
1463	0.0392	0.0304
1464	0.0396	0.0307
1465	0.0400	0.0309
1466	0.0404	0.0312
1467	0.0408	0.0315
1468	0.0412	0.0317
1469	0.0415	0.0320
1470	0.0419	0.0322
1471	0.0423	0.0325
1472	0.0426	0.0327
1473	0.0429	0.0330
1474	0.0433	0.0332
1475	0.0436	0.0335
1476	0.0439	0.0337
1477	0.0442	0.0339
1478	0.0445	0.0341
1479	0.0448	0.0343
1480	0.0452	0.0346
1481	0.0455	0.0348
1482	0.0458	0.0351
1483	0.0462	0.0354
1484	0.0465	0.0356
1485	0.0469	0.0359
1486	0.0473	0.0361
1487	0.0477	0.0363
1488	0.0481	0.0364
1489	0.0485	0.0366
1490	0.0489	0.0368
1491	0.0491	0.0369
1492	0.0494	0.0370
1493	0.0496	0.0371
1494	0.0499	0.0373
1495	0.0502	0.0374
1496	0.0502	0.0374
1497	0.0503	0.0374
1498	0.0503	0.0374
1499	0.0504	0.0374
1500	0.0504	0.0375
1501	0.0504	0.0375
1502	0.0504	0.0375
1503	0.0503	0.0375
1504	0.0503	0.0375
1505	0.0503	0.0375
1506	0.0502	0.0375
1507	0.0501	0.0375
1508	0.0500	0.0375
1509	0.0499	0.0375
1510	0.0498	0.0375
1511	0.0497	0.0375
1512	0.0496	0.0374
1513	0.0495	0.0374
1514	0.0494	0.0374
1515	0.0494	0.0374
1516	0.0492	0.0373
1517	0.0490	0.0373
1518	0.0488	0.0373
1519	0.0486	0.0372
1520	0.0484	0.0372
1521	0.0482	0.0371
1522	0.0480	0.0369
1523	0.0479	0.0368
1524	0.0477	0.0367
1525	0.0475	0.0365
1526	0.0473	0.0364
1527	0.0470	0.0362
1528	0.0467	0.0360
1529	0.0464	0.0359
1530	0.0462	0.0357
1531	0.0460	0.0355
1532	0.0457	0.0354
1533	0.0455	0.0352
1534	0.0453	0.0350
1535	0.0451	0.0349
1536	0.0448	0.0347
1537	0.0445	0.0345
1538	0.0442	0.0342
1539	0.0440	0.0340
1540	0.0437	0.0338
1541	0.0434	0.0336
1542	0.0431	0.0334
1543	0.0428	0.0331
1544	0.0425	0.0329
1545	0.0423	0.0327
1546	0.0420	0.0325
1547	0.0417	0.0323
1548	0.0415	0.0320
1549	0.0412	0.0318
1550	0.0410	0.0316
1551	0.0407	0.0314
1552	0.0405	0.0313
1553	0.0402	0.0311
1554	0.0400	0.0310
1555	0.0398	0.0308
1556	0.0395	0.0307
1557	0.0392	0.0305
1558	0.0390	0.0304
1559	0.0387	0.0303
1560	0.0385	0.0301
1561	0.0383	0.0299
1562	0.0381	0.0297
1563	0.0379	0.0295
1564	0.0378	0.0293
1565	0.0376	0.0291
1566	0.0374	0.0289
1567	0.0372	0.0288
1568	0.0370	0.0286
1569	0.0368	0.0284
1570	0.0366	0.0282
1571	0.0365	0.0281
1572	0.0364	0.0280
1573	0.0363	0.0279
1574	0.0362	0.0278
1575	0.0361	0.0277
1576	0.0360	0.0275
1577	0.0358	0.0274
1578	0.0357	0.0272
1579	0.0356	0.0270
1580	0.0355	0.0269
1581	0.0353	0.0268
1582	0.0352	0.0267
1583	0.0350	0.0266
1584	0.0349	0.0265
1585	0.0347	0.0264
1586	0.0345	0.0263
1587	0.0343	0.0263
1588	0.0342	0.0262
1589	0.0340	0.0261
1590	0.0338	0.0261
1591	0.0336	0.0260
1592	0.0335	0.0258
1593	0.0334	0.0257
1594	0.0332	0.0256
1595	0.0331	0.0254
1596	0.0329	0.0252
1597	0.0328	0.0250
1598	0.0326	0.0249
1599	0.0324	0.0247
1600	0.0323	0.0245
